
ZAI = [
10010
10020
10030
20030
20040
30060
30070
40090
50100
50110
60000
60120
20060
30080
30090
40080
40100
40110
50120
60130
666
0
];

NAMES = [
'H1              '
'H2              '
'H3              '
'He3             '
'He4             '
'Li6             '
'Li7             '
'Be9             '
'B10             '
'B11             '
'Cnat            '
'C12             '
'He6             '
'Li8             '
'Li9             '
'Be8             '
'Be10            '
'Be11            '
'B12             '
'C13             '
'lost            '
'total           '
];

i10010  = 1; iH1               = 1;
i10020  = 2; iH2               = 2;
i10030  = 3; iH3               = 3;
i20030  = 4; iHe3              = 4;
i20040  = 5; iHe4              = 5;
i30060  = 6; iLi6              = 6;
i30070  = 7; iLi7              = 7;
i40090  = 8; iBe9              = 8;
i50100  = 9; iB10              = 9;
i50110  = 10; iB11              = 10;
i60000  = 11; iCnat             = 11;
i60120  = 12; iC12              = 12;
i20060  = 13; iHe6              = 13;
i30080  = 14; iLi8              = 14;
i30090  = 15; iLi9              = 15;
i40080  = 16; iBe8              = 16;
i40100  = 17; iBe10             = 17;
i40110  = 18; iBe11             = 18;
i50120  = 19; iB12              = 19;
i60130  = 20; iC13              = 20;
iLOST    = 21;
iTOT     = 22;

MAT_B4C_VOLUME = [ 1.37462E+05 1.37462E+05 1.37462E+05 1.37462E+05 1.37462E+05 1.37462E+05 1.37462E+05 1.37462E+05 1.37462E+05 1.37462E+05 1.37462E+05 ];

MAT_B4C_BURNUP = [ 0.00000E+00 0.00000E+00 0.00000E+00 0.00000E+00 0.00000E+00 0.00000E+00 0.00000E+00 0.00000E+00 0.00000E+00 0.00000E+00 0.00000E+00 ];

MAT_B4C_ADENS = [
0.00000E+00 4.66646E-08 9.30644E-08 1.39356E-07 1.85586E-07 2.31896E-07 2.78071E-07 3.24255E-07 3.70319E-07 4.16377E-07 4.62508E-07 % H1
0.00000E+00 3.57819E-09 7.14334E-09 1.07137E-08 1.42726E-08 1.78128E-08 2.13499E-08 2.48757E-08 2.83745E-08 3.18587E-08 3.53177E-08 % H2
0.00000E+00 1.76910E-07 3.43021E-07 4.99520E-07 6.47049E-07 7.86451E-07 9.17422E-07 1.04095E-06 1.15679E-06 1.26567E-06 1.36833E-06 % H3
0.00000E+00 5.01446E-09 1.96300E-08 4.32492E-08 7.53180E-08 1.15339E-07 1.62823E-07 2.17297E-07 2.78319E-07 3.45453E-07 4.18316E-07 % He3
0.00000E+00 2.53168E-04 5.06247E-04 7.59262E-04 1.01233E-03 1.26542E-03 1.51851E-03 1.77155E-03 2.02458E-03 2.27762E-03 2.53066E-03 % He4
0.00000E+00 1.34348E-13 5.25371E-13 1.19610E-12 2.10563E-12 3.29859E-12 4.77948E-12 6.48143E-12 8.42441E-12 1.05988E-11 1.30618E-11 % Li6
0.00000E+00 2.52804E-04 5.05521E-04 7.58177E-04 1.01089E-03 1.26361E-03 1.51635E-03 1.76903E-03 2.02170E-03 2.27440E-03 2.52708E-03 % Li7
0.00000E+00 3.57814E-09 7.14315E-09 1.07133E-08 1.42719E-08 1.78116E-08 2.13481E-08 2.48733E-08 2.83713E-08 3.18547E-08 3.53128E-08 % Be9
1.16616E-01 1.16363E-01 1.16110E-01 1.15858E-01 1.15605E-01 1.15352E-01 1.15099E-01 1.14846E-01 1.14593E-01 1.14340E-01 1.14087E-01 % B10
0.00000E+00 3.26755E-08 6.53408E-08 9.79987E-08 1.30664E-07 1.63332E-07 1.96003E-07 2.28666E-07 2.61330E-07 2.93997E-07 3.26663E-07 % B11
2.91541E-02 2.91541E-02 2.91541E-02 2.91541E-02 2.91541E-02 2.91541E-02 2.91541E-02 2.91541E-02 2.91541E-02 2.91541E-02 2.91541E-02 % Cnat
0.00000E+00 9.68146E-17 3.86773E-16 8.72803E-16 1.55405E-15 2.42922E-15 3.50975E-15 4.78555E-15 6.25851E-15 7.92989E-15 9.80383E-15 % C12
0.00000E+00 1.40220E-21 2.77806E-21 4.15992E-21 5.42284E-21 7.03081E-21 8.32937E-21 9.74276E-21 1.03909E-20 1.24691E-20 1.36588E-20 % He6
0.00000E+00 2.54962E-19 5.10765E-19 7.67634E-19 1.02575E-18 1.28539E-18 1.54576E-18 1.80674E-18 2.06947E-18 2.33374E-18 2.59834E-18 % Li8
0.00000E+00 2.15868E-29 4.11219E-29 5.27004E-29 7.60069E-29 9.03591E-29 1.08471E-28 1.40841E-28 1.43064E-28 2.25735E-28 2.71938E-28 % Li9
0.00000E+00 0.00000E+00 0.00000E+00 1.04316E-37 1.39446E-37 1.73493E-37 2.07272E-37 2.41809E-37 2.74485E-37 3.08185E-37 3.41157E-37 % Be8
0.00000E+00 4.66596E-08 9.30251E-08 1.39225E-07 1.85281E-07 2.31307E-07 2.77068E-07 3.22683E-07 3.68003E-07 4.13123E-07 4.58102E-07 % Be10
0.00000E+00 4.60355E-25 9.74454E-25 1.39176E-24 1.78997E-24 2.30947E-24 2.71703E-24 3.11371E-24 3.33339E-24 4.43270E-24 4.38337E-24 % Be11
0.00000E+00 1.82167E-25 3.61928E-25 5.47643E-25 7.31805E-25 9.12917E-25 1.11050E-24 1.28673E-24 1.47938E-24 1.66722E-24 1.85632E-24 % B12
0.00000E+00 1.35969E-25 1.08905E-24 3.67895E-24 8.73914E-24 1.71059E-23 2.96179E-23 4.71450E-23 7.05001E-23 1.00562E-22 1.38199E-22 % C13
0.00000E+00 0.00000E+00 0.00000E+00 0.00000E+00 0.00000E+00 0.00000E+00 0.00000E+00 0.00000E+00 0.00000E+00 0.00000E+00 0.00000E+00 % lost data
1.45771E-01 1.46024E-01 1.46277E-01 1.46530E-01 1.46783E-01 1.47036E-01 1.47289E-01 1.47543E-01 1.47796E-01 1.48049E-01 1.48302E-01 % total
];

MAT_B4C_MDENS = [
0.00000E+00 7.80961E-08 1.55749E-07 2.33220E-07 3.10589E-07 3.88091E-07 4.65369E-07 5.42659E-07 6.19751E-07 6.96833E-07 7.74035E-07 % H1
0.00000E+00 1.19674E-08 2.38912E-08 3.58325E-08 4.77355E-08 5.95759E-08 7.14059E-08 8.31980E-08 9.48999E-08 1.06553E-07 1.18122E-07 % H2
0.00000E+00 8.85864E-07 1.71765E-06 2.50131E-06 3.24006E-06 3.93811E-06 4.59393E-06 5.21249E-06 5.79257E-06 6.33778E-06 6.85185E-06 % H3
0.00000E+00 2.51049E-08 9.82774E-08 2.16527E-07 3.77079E-07 5.77445E-07 8.15172E-07 1.08790E-06 1.39340E-06 1.72951E-06 2.09429E-06 % He3
0.00000E+00 1.68270E-03 3.36481E-03 5.04650E-03 6.72854E-03 8.41071E-03 1.00929E-02 1.17747E-02 1.34565E-02 1.51384E-02 1.68202E-02 % He4
0.00000E+00 1.34192E-12 5.24763E-12 1.19471E-11 2.10320E-11 3.29477E-11 4.77394E-11 6.47393E-11 8.41466E-11 1.05865E-10 1.30466E-10 % Li6
0.00000E+00 2.94531E-03 5.88959E-03 8.83316E-03 1.17774E-02 1.47218E-02 1.76663E-02 2.06101E-02 2.35539E-02 2.64980E-02 2.94419E-02 % Li7
0.00000E+00 5.35481E-08 1.06900E-07 1.60328E-07 2.13583E-07 2.66557E-07 3.19482E-07 3.72238E-07 4.24587E-07 4.76717E-07 5.28468E-07 % Be9
1.93900E+00 1.93479E+00 1.93058E+00 1.92638E+00 1.92217E+00 1.91797E+00 1.91376E+00 1.90955E+00 1.90535E+00 1.90114E+00 1.89694E+00 % B10
0.00000E+00 5.97362E-07 1.19454E-06 1.79158E-06 2.38875E-06 2.98598E-06 3.58325E-06 4.18039E-06 4.77753E-06 5.37475E-06 5.97193E-06 % B11
5.81001E-01 5.81001E-01 5.81001E-01 5.81001E-01 5.81001E-01 5.81001E-01 5.81001E-01 5.81001E-01 5.81001E-01 5.81001E-01 5.81001E-01 % Cnat
0.00000E+00 1.92920E-15 7.70713E-15 1.73921E-14 3.09671E-14 4.84065E-14 6.99380E-14 9.53605E-14 1.24712E-13 1.58017E-13 1.95359E-13 % C12
0.00000E+00 1.40146E-20 2.77661E-20 4.15774E-20 5.41999E-20 7.02712E-20 8.32501E-20 9.73765E-20 1.03855E-19 1.24625E-19 1.36517E-19 % He6
0.00000E+00 3.39657E-18 6.80434E-18 1.02263E-17 1.36649E-17 1.71238E-17 2.05924E-17 2.40692E-17 2.75693E-17 3.10897E-17 3.46148E-17 % Li8
0.00000E+00 3.23578E-28 6.16401E-28 7.89957E-28 1.13931E-27 1.35445E-27 1.62594E-27 2.11115E-27 2.14447E-27 3.38367E-27 4.07624E-27 % Li9
0.00000E+00 0.00000E+00 0.00000E+00 1.38671E-36 1.85371E-36 2.30631E-36 2.75534E-36 3.21445E-36 3.64883E-36 4.09682E-36 4.53512E-36 % Be8
0.00000E+00 7.75863E-07 1.54683E-06 2.31505E-06 3.08087E-06 3.84621E-06 4.60712E-06 5.36561E-06 6.11921E-06 6.86947E-06 7.61738E-06 % Be10
0.00000E+00 8.42553E-24 1.78347E-23 2.54723E-23 3.27605E-23 4.22684E-23 4.97277E-23 5.69879E-23 6.10085E-23 8.11283E-23 8.02255E-23 % Be11
0.00000E+00 3.63432E-24 7.22067E-24 1.09258E-23 1.45999E-23 1.82132E-23 2.21551E-23 2.56709E-23 2.95145E-23 3.32620E-23 3.70345E-23 % B12
0.00000E+00 2.93596E-24 2.35156E-23 7.94390E-23 1.88703E-22 3.69365E-22 6.39536E-22 1.01799E-21 1.52230E-21 2.17142E-21 2.98410E-21 % C13
0.00000E+00 0.00000E+00 0.00000E+00 0.00000E+00 0.00000E+00 0.00000E+00 0.00000E+00 0.00000E+00 0.00000E+00 0.00000E+00 0.00000E+00 % lost data
2.52000E+00 2.52042E+00 2.52085E+00 2.52127E+00 2.52169E+00 2.52211E+00 2.52253E+00 2.52296E+00 2.52338E+00 2.52380E+00 2.52422E+00 % total
];

