
DETEnergyDetector = [
    1    1    1    1     1     1     1    1    1    1  2.89087E+04 0.31849 
    2    2    1    1     1     1     1    1    1    1  2.39273E+03 1.00000 
    3    3    1    1     1     1     1    1    1    1  0.00000E+00 0.00000 
    4    4    1    1     1     1     1    1    1    1  9.68488E+03 0.61013 
    5    5    1    1     1     1     1    1    1    1  0.00000E+00 0.00000 
    6    6    1    1     1     1     1    1    1    1  2.79067E+03 1.00000 
    7    7    1    1     1     1     1    1    1    1  5.51706E+03 0.70746 
    8    8    1    1     1     1     1    1    1    1  2.78714E+03 1.00000 
    9    9    1    1     1     1     1    1    1    1  0.00000E+00 0.00000 
   10   10    1    1     1     1     1    1    1    1  5.77397E+03 1.00000 
   11   11    1    1     1     1     1    1    1    1  2.98689E+03 1.00000 
   12   12    1    1     1     1     1    1    1    1  3.02296E+03 1.00000 
   13   13    1    1     1     1     1    1    1    1  0.00000E+00 0.00000 
   14   14    1    1     1     1     1    1    1    1  6.47814E+03 0.70718 
   15   15    1    1     1     1     1    1    1    1  1.00779E+04 0.57735 
   16   16    1    1     1     1     1    1    1    1  3.44966E+03 1.00000 
   17   17    1    1     1     1     1    1    1    1  1.03852E+04 0.57757 
   18   18    1    1     1     1     1    1    1    1  7.21378E+03 0.70736 
   19   19    1    1     1     1     1    1    1    1  1.53461E+04 0.50012 
   20   20    1    1     1     1     1    1    1    1  7.75108E+03 0.70714 
   21   21    1    1     1     1     1    1    1    1  1.97477E+04 0.44732 
   22   22    1    1     1     1     1    1    1    1  1.22685E+04 0.57744 
   23   23    1    1     1     1     1    1    1    1  1.66721E+04 0.50012 
   24   24    1    1     1     1     1    1    1    1  1.73860E+04 0.61590 
   25   25    1    1     1     1     1    1    1    1  8.99921E+03 0.70717 
   26   26    1    1     1     1     1    1    1    1  1.43336E+04 0.57739 
   27   27    1    1     1     1     1    1    1    1  2.30297E+04 0.52416 
   28   28    1    1     1     1     1    1    1    1  3.82197E+04 0.39482 
   29   29    1    1     1     1     1    1    1    1  5.02840E+04 0.31629 
   30   30    1    1     1     1     1    1    1    1  6.71177E+04 0.29909 
   31   31    1    1     1     1     1    1    1    1  2.65155E+04 0.53116 
   32   32    1    1     1     1     1    1    1    1  4.85202E+04 0.33336 
   33   33    1    1     1     1     1    1    1    1  6.08888E+04 0.30158 
   34   34    1    1     1     1     1    1    1    1  7.41074E+04 0.29759 
   35   35    1    1     1     1     1    1    1    1  5.32696E+04 0.33335 
   36   36    1    1     1     1     1    1    1    1  7.26877E+04 0.31206 
   37   37    1    1     1     1     1    1    1    1  7.34280E+04 0.28872 
   38   38    1    1     1     1     1    1    1    1  7.68363E+04 0.28871 
   39   39    1    1     1     1     1    1    1    1  1.05354E+05 0.27839 
   40   40    1    1     1     1     1    1    1    1  6.15090E+04 0.33342 
   41   41    1    1     1     1     1    1    1    1  1.45160E+05 0.21828 
   42   42    1    1     1     1     1    1    1    1  1.28559E+05 0.24818 
   43   43    1    1     1     1     1    1    1    1  1.68238E+05 0.23461 
   44   44    1    1     1     1     1    1    1    1  1.34679E+05 0.23580 
   45   45    1    1     1     1     1    1    1    1  1.30718E+05 0.27068 
   46   46    1    1     1     1     1    1    1    1  2.56215E+05 0.18761 
   47   47    1    1     1     1     1    1    1    1  2.38256E+05 0.19223 
   48   48    1    1     1     1     1    1    1    1  1.93655E+05 0.20852 
   49   49    1    1     1     1     1    1    1    1  3.10926E+05 0.17563 
   50   50    1    1     1     1     1    1    1    1  1.96352E+05 0.22319 
   51   51    1    1     1     1     1    1    1    1  3.26997E+05 0.17131 
   52   52    1    1     1     1     1    1    1    1  3.76067E+05 0.17718 
   53   53    1    1     1     1     1    1    1    1  3.94869E+05 0.15619 
   54   54    1    1     1     1     1    1    1    1  5.84731E+05 0.14084 
   55   55    1    1     1     1     1    1    1    1  5.38840E+05 0.14461 
   56   56    1    1     1     1     1    1    1    1  6.57465E+05 0.13009 
   57   57    1    1     1     1     1    1    1    1  6.74977E+05 0.13411 
   58   58    1    1     1     1     1    1    1    1  7.95604E+05 0.12410 
   59   59    1    1     1     1     1    1    1    1  1.03899E+06 0.10858 
   60   60    1    1     1     1     1    1    1    1  9.62492E+05 0.11605 
   61   61    1    1     1     1     1    1    1    1  1.23199E+06 0.10323 
   62   62    1    1     1     1     1    1    1    1  1.38504E+06 0.09817 
   63   63    1    1     1     1     1    1    1    1  1.61946E+06 0.09635 
   64   64    1    1     1     1     1    1    1    1  1.71517E+06 0.09040 
   65   65    1    1     1     1     1    1    1    1  1.95401E+06 0.08591 
   66   66    1    1     1     1     1    1    1    1  2.41302E+06 0.07805 
   67   67    1    1     1     1     1    1    1    1  2.11123E+06 0.08523 
   68   68    1    1     1     1     1    1    1    1  2.66112E+06 0.07779 
   69   69    1    1     1     1     1    1    1    1  3.21571E+06 0.07064 
   70   70    1    1     1     1     1    1    1    1  3.50517E+06 0.07020 
   71   71    1    1     1     1     1    1    1    1  4.14650E+06 0.06463 
   72   72    1    1     1     1     1    1    1    1  4.41293E+06 0.06293 
   73   73    1    1     1     1     1    1    1    1  5.40539E+06 0.05744 
   74   74    1    1     1     1     1    1    1    1  5.19712E+06 0.05833 
   75   75    1    1     1     1     1    1    1    1  6.86507E+06 0.05404 
   76   76    1    1     1     1     1    1    1    1  6.70239E+06 0.05463 
   77   77    1    1     1     1     1    1    1    1  8.02172E+06 0.04968 
   78   78    1    1     1     1     1    1    1    1  8.62389E+06 0.04774 
   79   79    1    1     1     1     1    1    1    1  1.03814E+07 0.04477 
   80   80    1    1     1     1     1    1    1    1  1.23888E+07 0.04235 
   81   81    1    1     1     1     1    1    1    1  1.22758E+07 0.04195 
   82   82    1    1     1     1     1    1    1    1  1.61290E+07 0.03759 
   83   83    1    1     1     1     1    1    1    1  1.76578E+07 0.03633 
   84   84    1    1     1     1     1    1    1    1  1.87616E+07 0.03496 
   85   85    1    1     1     1     1    1    1    1  2.14947E+07 0.03347 
   86   86    1    1     1     1     1    1    1    1  2.34412E+07 0.03240 
   87   87    1    1     1     1     1    1    1    1  2.88156E+07 0.02970 
   88   88    1    1     1     1     1    1    1    1  3.15650E+07 0.02836 
   89   89    1    1     1     1     1    1    1    1  3.56837E+07 0.02660 
   90   90    1    1     1     1     1    1    1    1  3.96985E+07 0.02578 
   91   91    1    1     1     1     1    1    1    1  4.32554E+07 0.02479 
   92   92    1    1     1     1     1    1    1    1  5.21443E+07 0.02322 
   93   93    1    1     1     1     1    1    1    1  5.67525E+07 0.02230 
   94   94    1    1     1     1     1    1    1    1  6.99874E+07 0.02046 
   95   95    1    1     1     1     1    1    1    1  7.41957E+07 0.01983 
   96   96    1    1     1     1     1    1    1    1  8.95254E+07 0.01832 
   97   97    1    1     1     1     1    1    1    1  1.01658E+08 0.01742 
   98   98    1    1     1     1     1    1    1    1  1.12737E+08 0.01673 
   99   99    1    1     1     1     1    1    1    1  1.26766E+08 0.01579 
  100  100    1    1     1     1     1    1    1    1  1.40545E+08 0.01508 
  101  101    1    1     1     1     1    1    1    1  1.65337E+08 0.01409 
  102  102    1    1     1     1     1    1    1    1  1.90659E+08 0.01329 
  103  103    1    1     1     1     1    1    1    1  2.09734E+08 0.01275 
  104  104    1    1     1     1     1    1    1    1  2.39157E+08 0.01201 
