
DETEnergyDetector = [
    1    1    1    1     1     1     1    1    1    1  9.77248E+04 0.01519 
    2    2    1    1     1     1     1    1    1    1  8.91685E+03 0.05098 
    3    3    1    1     1     1     1    1    1    1  1.13467E+04 0.04593 
    4    4    1    1     1     1     1    1    1    1  1.14219E+04 0.04587 
    5    5    1    1     1     1     1    1    1    1  1.26609E+04 0.04524 
    6    6    1    1     1     1     1    1    1    1  1.55377E+04 0.04053 
    7    7    1    1     1     1     1    1    1    1  1.63987E+04 0.04026 
    8    8    1    1     1     1     1    1    1    1  1.73847E+04 0.03968 
    9    9    1    1     1     1     1    1    1    1  2.09127E+04 0.03694 
   10   10    1    1     1     1     1    1    1    1  2.41344E+04 0.03463 
   11   11    1    1     1     1     1    1    1    1  2.49500E+04 0.03465 
   12   12    1    1     1     1     1    1    1    1  3.04567E+04 0.03169 
   13   13    1    1     1     1     1    1    1    1  3.16181E+04 0.03176 
   14   14    1    1     1     1     1    1    1    1  3.82647E+04 0.02898 
   15   15    1    1     1     1     1    1    1    1  4.05621E+04 0.02889 
   16   16    1    1     1     1     1    1    1    1  4.53368E+04 0.02757 
   17   17    1    1     1     1     1    1    1    1  5.42724E+04 0.02569 
   18   18    1    1     1     1     1    1    1    1  5.86004E+04 0.02481 
   19   19    1    1     1     1     1    1    1    1  6.07725E+04 0.02493 
   20   20    1    1     1     1     1    1    1    1  7.28872E+04 0.02284 
   21   21    1    1     1     1     1    1    1    1  7.64671E+04 0.02255 
   22   22    1    1     1     1     1    1    1    1  8.54610E+04 0.02186 
   23   23    1    1     1     1     1    1    1    1  1.01549E+05 0.02019 
   24   24    1    1     1     1     1    1    1    1  1.11199E+05 0.01978 
   25   25    1    1     1     1     1    1    1    1  1.21713E+05 0.01905 
   26   26    1    1     1     1     1    1    1    1  1.43434E+05 0.01799 
   27   27    1    1     1     1     1    1    1    1  1.57919E+05 0.01731 
   28   28    1    1     1     1     1    1    1    1  1.76474E+05 0.01648 
   29   29    1    1     1     1     1    1    1    1  1.95020E+05 0.01604 
   30   30    1    1     1     1     1    1    1    1  2.22028E+05 0.01522 
   31   31    1    1     1     1     1    1    1    1  2.44044E+05 0.01464 
   32   32    1    1     1     1     1    1    1    1  2.72513E+05 0.01417 
   33   33    1    1     1     1     1    1    1    1  3.12280E+05 0.01335 
   34   34    1    1     1     1     1    1    1    1  3.47760E+05 0.01285 
   35   35    1    1     1     1     1    1    1    1  3.91875E+05 0.01229 
   36   36    1    1     1     1     1    1    1    1  4.32876E+05 0.01181 
   37   37    1    1     1     1     1    1    1    1  4.85770E+05 0.01133 
   38   38    1    1     1     1     1    1    1    1  5.47073E+05 0.01080 
   39   39    1    1     1     1     1    1    1    1  6.09525E+05 0.01044 
   40   40    1    1     1     1     1    1    1    1  6.91105E+05 0.00994 
   41   41    1    1     1     1     1    1    1    1  7.62424E+05 0.00960 
   42   42    1    1     1     1     1    1    1    1  8.55541E+05 0.00913 
   43   43    1    1     1     1     1    1    1    1  9.59844E+05 0.00877 
   44   44    1    1     1     1     1    1    1    1  1.07711E+06 0.00839 
   45   45    1    1     1     1     1    1    1    1  1.20691E+06 0.00803 
   46   46    1    1     1     1     1    1    1    1  1.36776E+06 0.00766 
   47   47    1    1     1     1     1    1    1    1  1.49872E+06 0.00739 
   48   48    1    1     1     1     1    1    1    1  1.69780E+06 0.00705 
   49   49    1    1     1     1     1    1    1    1  1.90862E+06 0.00678 
   50   50    1    1     1     1     1    1    1    1  2.14291E+06 0.00646 
   51   51    1    1     1     1     1    1    1    1  2.38926E+06 0.00623 
   52   52    1    1     1     1     1    1    1    1  2.67160E+06 0.00595 
   53   53    1    1     1     1     1    1    1    1  2.97968E+06 0.00573 
   54   54    1    1     1     1     1    1    1    1  3.33098E+06 0.00549 
   55   55    1    1     1     1     1    1    1    1  3.75434E+06 0.00524 
   56   56    1    1     1     1     1    1    1    1  4.19033E+06 0.00503 
   57   57    1    1     1     1     1    1    1    1  4.70728E+06 0.00482 
   58   58    1    1     1     1     1    1    1    1  5.26325E+06 0.00460 
   59   59    1    1     1     1     1    1    1    1  5.89145E+06 0.00443 
   60   60    1    1     1     1     1    1    1    1  6.61085E+06 0.00423 
   61   61    1    1     1     1     1    1    1    1  7.40087E+06 0.00407 
   62   62    1    1     1     1     1    1    1    1  8.29608E+06 0.00390 
   63   63    1    1     1     1     1    1    1    1  9.25593E+06 0.00374 
   64   64    1    1     1     1     1    1    1    1  1.04414E+07 0.00356 
   65   65    1    1     1     1     1    1    1    1  1.15656E+07 0.00344 
   66   66    1    1     1     1     1    1    1    1  1.30345E+07 0.00328 
   67   67    1    1     1     1     1    1    1    1  1.45391E+07 0.00313 
   68   68    1    1     1     1     1    1    1    1  1.62420E+07 0.00302 
   69   69    1    1     1     1     1    1    1    1  1.82446E+07 0.00288 
   70   70    1    1     1     1     1    1    1    1  2.03967E+07 0.00278 
   71   71    1    1     1     1     1    1    1    1  2.30457E+07 0.00264 
   72   72    1    1     1     1     1    1    1    1  2.54933E+07 0.00254 
   73   73    1    1     1     1     1    1    1    1  2.85970E+07 0.00244 
   74   74    1    1     1     1     1    1    1    1  3.20520E+07 0.00233 
   75   75    1    1     1     1     1    1    1    1  3.59737E+07 0.00224 
   76   76    1    1     1     1     1    1    1    1  4.02954E+07 0.00215 
   77   77    1    1     1     1     1    1    1    1  4.49694E+07 0.00206 
   78   78    1    1     1     1     1    1    1    1  5.03625E+07 0.00196 
   79   79    1    1     1     1     1    1    1    1  5.61917E+07 0.00189 
   80   80    1    1     1     1     1    1    1    1  6.30996E+07 0.00181 
   81   81    1    1     1     1     1    1    1    1  7.03747E+07 0.00173 
   82   82    1    1     1     1     1    1    1    1  7.90389E+07 0.00165 
   83   83    1    1     1     1     1    1    1    1  8.83089E+07 0.00158 
   84   84    1    1     1     1     1    1    1    1  9.91354E+07 0.00152 
   85   85    1    1     1     1     1    1    1    1  1.10624E+08 0.00146 
   86   86    1    1     1     1     1    1    1    1  1.24057E+08 0.00139 
   87   87    1    1     1     1     1    1    1    1  1.38228E+08 0.00134 
   88   88    1    1     1     1     1    1    1    1  1.55199E+08 0.00128 
   89   89    1    1     1     1     1    1    1    1  1.73414E+08 0.00123 
   90   90    1    1     1     1     1    1    1    1  1.93835E+08 0.00118 
   91   91    1    1     1     1     1    1    1    1  2.16681E+08 0.00113 
   92   92    1    1     1     1     1    1    1    1  2.42828E+08 0.00108 
   93   93    1    1     1     1     1    1    1    1  2.71066E+08 0.00104 
   94   94    1    1     1     1     1    1    1    1  3.03208E+08 0.00099 
   95   95    1    1     1     1     1    1    1    1  3.38912E+08 0.00095 
   96   96    1    1     1     1     1    1    1    1  3.79634E+08 0.00091 
   97   97    1    1     1     1     1    1    1    1  4.23908E+08 0.00087 
   98   98    1    1     1     1     1    1    1    1  4.74310E+08 0.00083 
   99   99    1    1     1     1     1    1    1    1  5.30295E+08 0.00081 
  100  100    1    1     1     1     1    1    1    1  5.92423E+08 0.00077 
  101  101    1    1     1     1     1    1    1    1  6.62808E+08 0.00073 
  102  102    1    1     1     1     1    1    1    1  7.39895E+08 0.00070 
  103  103    1    1     1     1     1    1    1    1  8.25396E+08 0.00067 
  104  104    1    1     1     1     1    1    1    1  9.24122E+08 0.00064 
