
ZAI = [
10010
10020
10030
20030
20040
30060
30070
40090
50100
50110
60000
60120
20060
30080
30090
40080
40100
40110
50120
60130
666
0
];

NAMES = [
'H1              '
'H2              '
'H3              '
'He3             '
'He4             '
'Li6             '
'Li7             '
'Be9             '
'B10             '
'B11             '
'Cnat            '
'C12             '
'He6             '
'Li8             '
'Li9             '
'Be8             '
'Be10            '
'Be11            '
'B12             '
'C13             '
'lost            '
'total           '
];

i10010  = 1; iH1               = 1;
i10020  = 2; iH2               = 2;
i10030  = 3; iH3               = 3;
i20030  = 4; iHe3              = 4;
i20040  = 5; iHe4              = 5;
i30060  = 6; iLi6              = 6;
i30070  = 7; iLi7              = 7;
i40090  = 8; iBe9              = 8;
i50100  = 9; iB10              = 9;
i50110  = 10; iB11              = 10;
i60000  = 11; iCnat             = 11;
i60120  = 12; iC12              = 12;
i20060  = 13; iHe6              = 13;
i30080  = 14; iLi8              = 14;
i30090  = 15; iLi9              = 15;
i40080  = 16; iBe8              = 16;
i40100  = 17; iBe10             = 17;
i40110  = 18; iBe11             = 18;
i50120  = 19; iB12              = 19;
i60130  = 20; iC13              = 20;
iLOST    = 21;
iTOT     = 22;

MAT_B4C_VOLUME = [ 1.37030E+05 1.37030E+05 1.37030E+05 1.37030E+05 1.37030E+05 1.37030E+05 1.37030E+05 1.37030E+05 1.37030E+05 1.37030E+05 1.37030E+05 ];

MAT_B4C_BURNUP = [ 0.00000E+00 0.00000E+00 0.00000E+00 0.00000E+00 0.00000E+00 0.00000E+00 0.00000E+00 0.00000E+00 0.00000E+00 0.00000E+00 0.00000E+00 ];

MAT_B4C_ADENS = [
0.00000E+00 4.69802E-09 9.40865E-09 1.41281E-08 1.88151E-08 2.34853E-08 2.81952E-08 3.29206E-08 3.76344E-08 4.23363E-08 4.70252E-08 % H1
0.00000E+00 3.63847E-10 7.27042E-10 1.09751E-09 1.45347E-09 1.81209E-09 2.17747E-09 2.53826E-09 2.89564E-09 3.25704E-09 3.62150E-09 % H2
0.00000E+00 1.78140E-08 3.47466E-08 5.07402E-08 6.56826E-08 7.97908E-08 9.32916E-08 1.06129E-07 1.18178E-07 1.29526E-07 1.40189E-07 % H3
0.00000E+00 5.05410E-10 1.98481E-09 4.38847E-09 7.66012E-09 1.17472E-08 1.66082E-08 2.22070E-08 2.85035E-08 3.54550E-08 4.30209E-08 % He3
0.00000E+00 2.54848E-05 5.09832E-05 7.65064E-05 1.01981E-04 1.27464E-04 1.52939E-04 1.78427E-04 2.03908E-04 2.29388E-04 2.54877E-04 % He4
0.00000E+00 1.23780E-15 5.37080E-15 1.27549E-14 2.25704E-14 3.36045E-14 4.76457E-14 6.47467E-14 8.34465E-14 1.07805E-13 1.34910E-13 % Li6
0.00000E+00 2.54481E-05 5.09097E-05 7.63962E-05 1.01835E-04 1.27281E-04 1.52720E-04 1.78170E-04 2.03615E-04 2.29058E-04 2.54511E-04 % Li7
0.00000E+00 3.63846E-10 7.27040E-10 1.09751E-09 1.45346E-09 1.81207E-09 2.17745E-09 2.53824E-09 2.89561E-09 3.25699E-09 3.62145E-09 % Be9
1.16616E-01 1.16591E-01 1.16566E-01 1.16540E-01 1.16515E-01 1.16489E-01 1.16464E-01 1.16438E-01 1.16413E-01 1.16387E-01 1.16362E-01 % B10
0.00000E+00 3.28925E-09 6.58020E-09 9.87436E-09 1.31624E-08 1.64514E-08 1.97394E-08 2.30289E-08 2.63177E-08 2.96063E-08 3.28962E-08 % B11
2.91541E-02 2.91541E-02 2.91541E-02 2.91541E-02 2.91541E-02 2.91541E-02 2.91541E-02 2.91541E-02 2.91541E-02 2.91541E-02 2.91541E-02 % Cnat
0.00000E+00 9.82549E-19 3.93091E-18 8.78099E-18 1.56769E-17 2.45159E-17 3.53363E-17 4.81147E-17 6.26394E-17 7.92168E-17 9.77444E-17 % C12
0.00000E+00 1.28416E-23 3.04742E-23 4.84713E-23 5.38698E-23 5.84824E-23 8.43025E-23 9.18564E-23 1.18592E-22 1.28993E-22 1.49218E-22 % He6
0.00000E+00 2.57860E-21 5.16487E-21 7.75990E-21 1.03301E-20 1.29075E-20 1.54765E-20 1.80889E-20 2.06687E-20 2.32615E-20 2.58574E-20 % Li8
0.00000E+00 3.11236E-31 5.19097E-31 1.15171E-30 9.32132E-31 2.28386E-31 2.69026E-30 1.47183E-30 9.64615E-31 2.71308E-30 1.69615E-30 % Li9
0.00000E+00 0.00000E+00 0.00000E+00 0.00000E+00 0.00000E+00 0.00000E+00 0.00000E+00 0.00000E+00 0.00000E+00 0.00000E+00 0.00000E+00 % Be8
0.00000E+00 4.69797E-09 9.40825E-09 1.41268E-08 1.88120E-08 2.34793E-08 2.81850E-08 3.29046E-08 3.76109E-08 4.23032E-08 4.69804E-08 % Be10
0.00000E+00 4.43150E-27 1.09164E-26 1.55944E-26 1.80328E-26 2.14583E-26 3.26263E-26 2.65424E-26 3.96061E-26 4.16954E-26 4.95001E-26 % Be11
0.00000E+00 1.84578E-27 3.69158E-27 5.47799E-27 7.37942E-27 9.25755E-27 1.11875E-26 1.30798E-26 1.45283E-26 1.65373E-26 1.84110E-26 % B12
0.00000E+00 1.38854E-28 1.11278E-27 3.74810E-27 8.87005E-27 1.73190E-26 2.99531E-26 4.76163E-26 7.10969E-26 1.01166E-25 1.38644E-25 % C13
0.00000E+00 0.00000E+00 0.00000E+00 0.00000E+00 0.00000E+00 0.00000E+00 0.00000E+00 0.00000E+00 0.00000E+00 0.00000E+00 0.00000E+00 % lost data
1.45771E-01 1.45796E-01 1.45822E-01 1.45847E-01 1.45873E-01 1.45898E-01 1.45924E-01 1.45949E-01 1.45975E-01 1.46000E-01 1.46026E-01 % total
];

MAT_B4C_MDENS = [
0.00000E+00 7.86241E-09 1.57459E-08 2.36443E-08 3.14882E-08 3.93041E-08 4.71864E-08 5.50946E-08 6.29835E-08 7.08524E-08 7.86995E-08 % H1
0.00000E+00 1.21690E-09 2.43163E-09 3.67068E-09 4.86119E-09 6.06061E-09 7.28265E-09 8.48934E-09 9.68461E-09 1.08933E-08 1.21123E-08 % H2
0.00000E+00 8.92023E-08 1.73991E-07 2.54079E-07 3.28902E-07 3.99548E-07 4.67152E-07 5.31434E-07 5.91767E-07 6.48592E-07 7.01987E-07 % H3
0.00000E+00 2.53033E-09 9.93695E-09 2.19709E-08 3.83503E-08 5.88125E-08 8.31487E-08 1.11179E-07 1.42703E-07 1.77505E-07 2.15384E-07 % He3
0.00000E+00 1.69387E-04 3.38864E-04 5.08507E-04 6.77828E-04 8.47199E-04 1.01652E-03 1.18593E-03 1.35529E-03 1.52465E-03 1.69406E-03 % He4
0.00000E+00 1.23637E-14 5.36458E-14 1.27402E-13 2.25442E-13 3.35656E-13 4.75906E-13 6.46717E-13 8.33499E-13 1.07681E-12 1.34754E-12 % Li6
0.00000E+00 2.96484E-04 5.93125E-04 8.90056E-04 1.18643E-03 1.48289E-03 1.77926E-03 2.07578E-03 2.37222E-03 2.66865E-03 2.96518E-03 % Li7
0.00000E+00 5.44509E-09 1.08804E-08 1.64246E-08 2.17515E-08 2.71183E-08 3.25863E-08 3.79856E-08 4.33338E-08 4.87421E-08 5.41962E-08 % Be9
1.93900E+00 1.93858E+00 1.93815E+00 1.93773E+00 1.93730E+00 1.93688E+00 1.93646E+00 1.93603E+00 1.93561E+00 1.93519E+00 1.93476E+00 % B10
0.00000E+00 6.01329E-08 1.20297E-07 1.80519E-07 2.40630E-07 3.00758E-07 3.60869E-07 4.21006E-07 4.81130E-07 5.41252E-07 6.01396E-07 % B11
5.81001E-01 5.81001E-01 5.81001E-01 5.81001E-01 5.81001E-01 5.81001E-01 5.81001E-01 5.81001E-01 5.81001E-01 5.81001E-01 5.81001E-01 % Cnat
0.00000E+00 1.95790E-17 7.83304E-17 1.74977E-16 3.12390E-16 4.88522E-16 7.04138E-16 9.58770E-16 1.24820E-15 1.57853E-15 1.94773E-15 % C12
0.00000E+00 1.28348E-22 3.04582E-22 4.84459E-22 5.38416E-22 5.84517E-22 8.42583E-22 9.18083E-22 1.18529E-21 1.28925E-21 1.49140E-21 % He6
0.00000E+00 3.43517E-20 6.88057E-20 1.03376E-19 1.37616E-19 1.71952E-19 2.06176E-19 2.40978E-19 2.75346E-19 3.09887E-19 3.44468E-19 % Li8
0.00000E+00 4.66530E-30 7.78105E-30 1.72636E-29 1.39723E-29 3.42341E-30 4.03259E-29 2.20622E-29 1.44592E-29 4.06680E-29 2.54245E-29 % Li9
0.00000E+00 0.00000E+00 0.00000E+00 0.00000E+00 0.00000E+00 0.00000E+00 0.00000E+00 0.00000E+00 0.00000E+00 0.00000E+00 0.00000E+00 % Be8
0.00000E+00 7.81184E-08 1.56442E-07 2.34902E-07 3.12809E-07 3.90417E-07 4.68664E-07 5.47141E-07 6.25398E-07 7.03423E-07 7.81196E-07 % Be10
0.00000E+00 8.11064E-26 1.99795E-25 2.85413E-25 3.30041E-25 3.92735E-25 5.97134E-25 4.85784E-25 7.24879E-25 7.63118E-25 9.05962E-25 % Be11
0.00000E+00 3.68243E-26 7.36491E-26 1.09289E-25 1.47223E-25 1.84693E-25 2.23197E-25 2.60950E-25 2.89847E-25 3.29928E-25 3.67310E-25 % B12
0.00000E+00 2.99825E-27 2.40280E-26 8.09320E-26 1.91530E-25 3.73966E-25 6.46772E-25 1.02817E-24 1.53518E-24 2.18447E-24 2.99372E-24 % C13
0.00000E+00 0.00000E+00 0.00000E+00 0.00000E+00 0.00000E+00 0.00000E+00 0.00000E+00 0.00000E+00 0.00000E+00 0.00000E+00 0.00000E+00 % lost data
2.52000E+00 2.52004E+00 2.52009E+00 2.52013E+00 2.52017E+00 2.52021E+00 2.52026E+00 2.52030E+00 2.52034E+00 2.52038E+00 2.52043E+00 % total
];

