
DETEnergyDetector = [
    1    1    1    1     1     1     1    1    1    1  2.92691E+02 0.74331 
    2    2    1    1     1     1     1    1    1    1  0.00000E+00 0.00000 
    3    3    1    1     1     1     1    1    1    1  1.01531E+02 1.00000 
    4    4    1    1     1     1     1    1    1    1  0.00000E+00 0.00000 
    5    5    1    1     1     1     1    1    1    1  0.00000E+00 0.00000 
    6    6    1    1     1     1     1    1    1    1  0.00000E+00 0.00000 
    7    7    1    1     1     1     1    1    1    1  1.16815E+02 1.00000 
    8    8    1    1     1     1     1    1    1    1  1.16052E+02 1.00000 
    9    9    1    1     1     1     1    1    1    1  0.00000E+00 0.00000 
   10   10    1    1     1     1     1    1    1    1  0.00000E+00 0.00000 
   11   11    1    1     1     1     1    1    1    1  0.00000E+00 0.00000 
   12   12    1    1     1     1     1    1    1    1  1.28398E+02 1.00000 
   13   13    1    1     1     1     1    1    1    1  0.00000E+00 0.00000 
   14   14    1    1     1     1     1    1    1    1  4.10639E+02 0.57740 
   15   15    1    1     1     1     1    1    1    1  2.84939E+02 0.70735 
   16   16    1    1     1     1     1    1    1    1  4.46642E+02 0.57739 
   17   17    1    1     1     1     1    1    1    1  4.49415E+02 0.57751 
   18   18    1    1     1     1     1    1    1    1  1.53962E+02 1.00000 
   19   19    1    1     1     1     1    1    1    1  1.57428E+02 1.00000 
   20   20    1    1     1     1     1    1    1    1  4.87384E+02 0.57764 
   21   21    1    1     1     1     1    1    1    1  3.32643E+02 0.70753 
   22   22    1    1     1     1     1    1    1    1  1.05384E+03 0.46972 
   23   23    1    1     1     1     1    1    1    1  1.74746E+02 1.00000 
   24   24    1    1     1     1     1    1    1    1  1.87139E+02 1.00000 
   25   25    1    1     1     1     1    1    1    1  5.70846E+02 0.57752 
   26   26    1    1     1     1     1    1    1    1  5.80653E+02 0.57737 
   27   27    1    1     1     1     1    1    1    1  1.19337E+03 0.40840 
   28   28    1    1     1     1     1    1    1    1  2.05014E+02 1.00000 
   29   29    1    1     1     1     1    1    1    1  1.02315E+03 0.52720 
   30   30    1    1     1     1     1    1    1    1  4.47236E+02 0.70715 
   31   31    1    1     1     1     1    1    1    1  1.11122E+03 0.53000 
   32   32    1    1     1     1     1    1    1    1  1.58875E+03 0.42888 
   33   33    1    1     1     1     1    1    1    1  2.36933E+03 0.31629 
   34   34    1    1     1     1     1    1    1    1  9.56876E+02 0.50001 
   35   35    1    1     1     1     1    1    1    1  1.26106E+03 0.44731 
   36   36    1    1     1     1     1    1    1    1  1.29805E+03 0.44729 
   37   37    1    1     1     1     1    1    1    1  1.06602E+03 0.50001 
   38   38    1    1     1     1     1    1    1    1  2.98458E+03 0.30158 
   39   39    1    1     1     1     1    1    1    1  2.25895E+03 0.35371 
   40   40    1    1     1     1     1    1    1    1  4.59499E+03 0.24999 
   41   41    1    1     1     1     1    1    1    1  3.77700E+03 0.27745 
   42   42    1    1     1     1     1    1    1    1  3.63611E+03 0.28876 
   43   43    1    1     1     1     1    1    1    1  3.46207E+03 0.30161 
   44   44    1    1     1     1     1    1    1    1  4.82004E+03 0.27508 
   45   45    1    1     1     1     1    1    1    1  3.96856E+03 0.28879 
   46   46    1    1     1     1     1    1    1    1  5.73036E+03 0.25588 
   47   47    1    1     1     1     1    1    1    1  5.94897E+03 0.24261 
   48   48    1    1     1     1     1    1    1    1  1.04175E+04 0.21951 
   49   49    1    1     1     1     1    1    1    1  7.81585E+03 0.21831 
   50   50    1    1     1     1     1    1    1    1  1.10719E+04 0.19242 
   51   51    1    1     1     1     1    1    1    1  1.17247E+04 0.18260 
   52   52    1    1     1     1     1    1    1    1  1.41289E+04 0.18310 
   53   53    1    1     1     1     1    1    1    1  1.56936E+04 0.17392 
   54   54    1    1     1     1     1    1    1    1  1.57467E+04 0.17740 
   55   55    1    1     1     1     1    1    1    1  1.73614E+04 0.16600 
   56   56    1    1     1     1     1    1    1    1  1.75136E+04 0.17175 
   57   57    1    1     1     1     1    1    1    1  2.67453E+04 0.13592 
   58   58    1    1     1     1     1    1    1    1  2.87148E+04 0.13737 
   59   59    1    1     1     1     1    1    1    1  3.14047E+04 0.13062 
   60   60    1    1     1     1     1    1    1    1  3.57932E+04 0.12497 
   61   61    1    1     1     1     1    1    1    1  3.31733E+04 0.12871 
   62   62    1    1     1     1     1    1    1    1  5.06605E+04 0.10675 
   63   63    1    1     1     1     1    1    1    1  5.20251E+04 0.10683 
   64   64    1    1     1     1     1    1    1    1  5.69337E+04 0.10427 
   65   65    1    1     1     1     1    1    1    1  5.68539E+04 0.10597 
   66   66    1    1     1     1     1    1    1    1  7.69731E+04 0.08996 
   67   67    1    1     1     1     1    1    1    1  8.18854E+04 0.09232 
   68   68    1    1     1     1     1    1    1    1  9.75269E+04 0.08512 
   69   69    1    1     1     1     1    1    1    1  1.14221E+05 0.07805 
   70   70    1    1     1     1     1    1    1    1  1.26647E+05 0.07655 
   71   71    1    1     1     1     1    1    1    1  1.61722E+05 0.06948 
   72   72    1    1     1     1     1    1    1    1  1.52639E+05 0.07136 
   73   73    1    1     1     1     1    1    1    1  1.94962E+05 0.06215 
   74   74    1    1     1     1     1    1    1    1  2.41246E+05 0.05844 
   75   75    1    1     1     1     1    1    1    1  2.66766E+05 0.05667 
   76   76    1    1     1     1     1    1    1    1  2.87317E+05 0.05512 
   77   77    1    1     1     1     1    1    1    1  3.10723E+05 0.05283 
   78   78    1    1     1     1     1    1    1    1  3.76359E+05 0.04884 
   79   79    1    1     1     1     1    1    1    1  4.28261E+05 0.04675 
   80   80    1    1     1     1     1    1    1    1  4.58110E+05 0.04581 
   81   81    1    1     1     1     1    1    1    1  5.74282E+05 0.04177 
   82   82    1    1     1     1     1    1    1    1  6.73921E+05 0.03887 
   83   83    1    1     1     1     1    1    1    1  7.19950E+05 0.03845 
   84   84    1    1     1     1     1    1    1    1  8.52462E+05 0.03535 
   85   85    1    1     1     1     1    1    1    1  9.80670E+05 0.03336 
   86   86    1    1     1     1     1    1    1    1  1.10643E+06 0.03169 
   87   87    1    1     1     1     1    1    1    1  1.26885E+06 0.03056 
   88   88    1    1     1     1     1    1    1    1  1.49532E+06 0.02841 
   89   89    1    1     1     1     1    1    1    1  1.65155E+06 0.02727 
   90   90    1    1     1     1     1    1    1    1  1.81927E+06 0.02617 
   91   91    1    1     1     1     1    1    1    1  2.13060E+06 0.02486 
   92   92    1    1     1     1     1    1    1    1  2.46748E+06 0.02341 
   93   93    1    1     1     1     1    1    1    1  2.90915E+06 0.02177 
   94   94    1    1     1     1     1    1    1    1  3.30064E+06 0.02088 
   95   95    1    1     1     1     1    1    1    1  3.72781E+06 0.01982 
   96   96    1    1     1     1     1    1    1    1  4.35875E+06 0.01858 
   97   97    1    1     1     1     1    1    1    1  5.00450E+06 0.01758 
   98   98    1    1     1     1     1    1    1    1  5.67803E+06 0.01681 
   99   99    1    1     1     1     1    1    1    1  6.65527E+06 0.01576 
  100  100    1    1     1     1     1    1    1    1  7.67404E+06 0.01472 
  101  101    1    1     1     1     1    1    1    1  8.72296E+06 0.01416 
  102  102    1    1     1     1     1    1    1    1  1.00364E+07 0.01320 
  103  103    1    1     1     1     1    1    1    1  1.13299E+07 0.01263 
  104  104    1    1     1     1     1    1    1    1  1.26935E+07 0.01203 
