
ZAI = [
10010
10020
10030
20030
20040
30060
30070
40090
50100
50110
60000
60120
20060
30080
30090
40080
40100
40110
50120
60130
666
0
];

NAMES = [
'H1              '
'H2              '
'H3              '
'He3             '
'He4             '
'Li6             '
'Li7             '
'Be9             '
'B10             '
'B11             '
'Cnat            '
'C12             '
'He6             '
'Li8             '
'Li9             '
'Be8             '
'Be10            '
'Be11            '
'B12             '
'C13             '
'lost            '
'total           '
];

i10010  = 1; iH1               = 1;
i10020  = 2; iH2               = 2;
i10030  = 3; iH3               = 3;
i20030  = 4; iHe3              = 4;
i20040  = 5; iHe4              = 5;
i30060  = 6; iLi6              = 6;
i30070  = 7; iLi7              = 7;
i40090  = 8; iBe9              = 8;
i50100  = 9; iB10              = 9;
i50110  = 10; iB11              = 10;
i60000  = 11; iCnat             = 11;
i60120  = 12; iC12              = 12;
i20060  = 13; iHe6              = 13;
i30080  = 14; iLi8              = 14;
i30090  = 15; iLi9              = 15;
i40080  = 16; iBe8              = 16;
i40100  = 17; iBe10             = 17;
i40110  = 18; iBe11             = 18;
i50120  = 19; iB12              = 19;
i60130  = 20; iC13              = 20;
iLOST    = 21;
iTOT     = 22;

MAT_B4C_VOLUME = [ 1.38737E+05 1.38737E+05 1.38737E+05 1.38737E+05 1.38737E+05 1.38737E+05 1.38737E+05 1.38737E+05 1.38737E+05 1.38737E+05 1.38737E+05 ];

MAT_B4C_BURNUP = [ 0.00000E+00 0.00000E+00 0.00000E+00 0.00000E+00 0.00000E+00 0.00000E+00 0.00000E+00 0.00000E+00 0.00000E+00 0.00000E+00 0.00000E+00 ];

MAT_B4C_ADENS = [
0.00000E+00 4.57511E-07 9.21416E-07 1.40409E-06 1.91454E-06 2.45791E-06 3.03753E-06 3.65485E-06 4.31290E-06 5.01317E-06 5.75750E-06 % H1
0.00000E+00 3.50243E-08 6.89609E-08 1.01685E-07 1.33462E-07 1.64057E-07 1.93761E-07 2.22469E-07 2.49991E-07 2.76746E-07 3.02591E-07 % H2
0.00000E+00 1.35399E-06 2.09751E-06 2.50105E-06 2.71961E-06 2.83843E-06 2.90228E-06 2.93589E-06 2.95651E-06 2.97255E-06 2.98804E-06 % H3
0.00000E+00 4.13704E-07 1.37786E-06 2.61921E-06 3.98764E-06 5.39996E-06 6.81156E-06 8.19667E-06 9.54250E-06 1.08436E-05 1.20968E-05 % He3
0.00000E+00 2.50693E-03 5.01373E-03 7.52023E-03 1.00256E-02 1.25308E-02 1.50354E-02 1.75390E-02 2.00421E-02 2.25443E-02 2.50455E-02 % He4
0.00000E+00 1.30024E-11 5.16042E-11 1.13499E-10 2.02319E-10 3.13230E-10 4.49721E-10 6.00032E-10 7.74970E-10 9.74467E-10 1.19830E-09 % Li6
0.00000E+00 2.50339E-03 5.00678E-03 7.50998E-03 1.00122E-02 1.25142E-02 1.50160E-02 1.75167E-02 2.00170E-02 2.25166E-02 2.50152E-02 % Li7
0.00000E+00 3.50193E-08 6.89408E-08 1.01641E-07 1.33380E-07 1.63927E-07 1.93572E-07 2.22214E-07 2.49658E-07 2.76322E-07 3.02066E-07 % Be9
1.16616E-01 1.14111E-01 1.11605E-01 1.09099E-01 1.06594E-01 1.04090E-01 1.01586E-01 9.90833E-02 9.65809E-02 9.40793E-02 9.15788E-02 % B10
0.00000E+00 3.23601E-07 6.47261E-07 9.70958E-07 1.29458E-06 1.61824E-06 1.94190E-06 2.26549E-06 2.58907E-06 2.91259E-06 3.23604E-06 % B11
2.91541E-02 2.91541E-02 2.91541E-02 2.91541E-02 2.91541E-02 2.91541E-02 2.91541E-02 2.91541E-02 2.91541E-02 2.91541E-02 2.91541E-02 % Cnat
0.00000E+00 9.62180E-15 3.91054E-14 8.89030E-14 1.60131E-13 2.53704E-13 3.70787E-13 5.11924E-13 6.79407E-13 8.73311E-13 1.09423E-12 % C12
0.00000E+00 1.37067E-20 2.65329E-20 3.78501E-20 5.28143E-20 6.16549E-20 7.79722E-20 9.02258E-20 9.84096E-20 1.10949E-19 1.31169E-19 % He6
0.00000E+00 2.54618E-18 5.20798E-18 7.98783E-18 1.08923E-17 1.39369E-17 1.71249E-17 2.04745E-17 2.39978E-17 2.76884E-17 3.15833E-17 % Li8
0.00000E+00 2.07430E-28 3.63204E-28 4.39931E-28 7.99505E-28 6.83413E-28 1.24179E-27 1.27643E-27 1.72121E-27 1.21271E-27 2.27795E-27 % Li9
0.00000E+00 3.35160E-37 6.52414E-37 9.53107E-37 1.23277E-36 1.50297E-36 1.75528E-36 1.99400E-36 2.21587E-36 2.42015E-36 2.62575E-36 % Be8
0.00000E+00 4.53197E-07 8.90896E-07 1.31211E-06 1.71810E-06 2.10935E-06 2.48625E-06 2.84833E-06 3.19707E-06 3.53274E-06 3.85597E-06 % Be10
0.00000E+00 5.02455E-24 8.98373E-24 1.17080E-23 1.78981E-23 1.94998E-23 2.54795E-23 3.13389E-23 3.24199E-23 3.99962E-23 5.07868E-23 % Be11
0.00000E+00 1.81815E-24 3.72273E-24 5.65009E-24 7.70540E-24 9.86513E-24 1.21037E-23 1.44119E-23 1.70069E-23 1.94094E-23 2.20962E-23 % B12
0.00000E+00 1.34345E-22 1.09680E-21 3.76849E-21 9.09200E-21 1.81011E-20 3.19126E-20 5.17221E-20 7.88857E-20 1.14830E-19 1.61130E-19 % C13
0.00000E+00 0.00000E+00 0.00000E+00 0.00000E+00 0.00000E+00 0.00000E+00 0.00000E+00 0.00000E+00 0.00000E+00 0.00000E+00 0.00000E+00 % lost data
1.45771E-01 1.48278E-01 1.50785E-01 1.53292E-01 1.55798E-01 1.58304E-01 1.60809E-01 1.63313E-01 1.65817E-01 1.68320E-01 1.70822E-01 % total
];

MAT_B4C_MDENS = [
0.00000E+00 7.65673E-07 1.54204E-06 2.34983E-06 3.20410E-06 4.11346E-06 5.08348E-06 6.11661E-06 7.21790E-06 8.38984E-06 9.63553E-06 % H1
0.00000E+00 1.17141E-07 2.30643E-07 3.40092E-07 4.46372E-07 5.48695E-07 6.48043E-07 7.44060E-07 8.36107E-07 9.25590E-07 1.01203E-06 % H2
0.00000E+00 6.78004E-06 1.05032E-05 1.25238E-05 1.36183E-05 1.42133E-05 1.45330E-05 1.47013E-05 1.48046E-05 1.48849E-05 1.49624E-05 % H3
0.00000E+00 2.07121E-06 6.89824E-06 1.31131E-05 1.99641E-05 2.70349E-05 3.41020E-05 4.10366E-05 4.77744E-05 5.42884E-05 6.05624E-05 % He3
0.00000E+00 1.66625E-02 3.33242E-02 4.99839E-02 6.66363E-02 8.32867E-02 9.99343E-02 1.16574E-01 1.33212E-01 1.49843E-01 1.66467E-01 % He4
0.00000E+00 1.29874E-10 5.15444E-10 1.13367E-09 2.02085E-09 3.12867E-09 4.49201E-09 5.99338E-09 7.74073E-09 9.73339E-09 1.19691E-08 % Li6
0.00000E+00 2.91658E-02 5.83316E-02 8.74953E-02 1.16648E-01 1.45798E-01 1.74944E-01 2.04079E-01 2.33209E-01 2.62330E-01 2.91441E-01 % Li7
0.00000E+00 5.24076E-07 1.03172E-06 1.52109E-06 1.99608E-06 2.45322E-06 2.89687E-06 3.32552E-06 3.73621E-06 4.13526E-06 4.52052E-06 % Be9
1.93900E+00 1.89733E+00 1.85567E+00 1.81400E+00 1.77236E+00 1.73072E+00 1.68909E+00 1.64747E+00 1.60586E+00 1.56427E+00 1.52269E+00 % B10
0.00000E+00 5.91596E-06 1.18330E-05 1.77507E-05 2.36671E-05 2.95840E-05 3.55011E-05 4.14168E-05 4.73324E-05 5.32469E-05 5.91601E-05 % B11
5.81001E-01 5.81001E-01 5.81001E-01 5.81001E-01 5.81001E-01 5.81001E-01 5.81001E-01 5.81001E-01 5.81001E-01 5.81001E-01 5.81001E-01 % Cnat
0.00000E+00 1.91731E-13 7.79244E-13 1.77155E-12 3.19089E-12 5.05550E-12 7.38859E-12 1.02010E-11 1.35384E-11 1.74023E-11 2.18044E-11 % C12
0.00000E+00 1.36995E-19 2.65189E-19 3.78303E-19 5.27866E-19 6.16226E-19 7.79313E-19 9.01784E-19 9.83580E-19 1.10890E-18 1.31100E-18 % He6
0.00000E+00 3.39199E-17 6.93800E-17 1.06413E-16 1.45105E-16 1.85666E-16 2.28136E-16 2.72759E-16 3.19695E-16 3.68861E-16 4.20749E-16 % Li8
0.00000E+00 3.10929E-27 5.44428E-27 6.59438E-27 1.19843E-26 1.02441E-26 1.86139E-26 1.91332E-26 2.58002E-26 1.81780E-26 3.41455E-26 % Li9
0.00000E+00 4.45540E-36 8.67277E-36 1.26700E-35 1.63877E-35 1.99794E-35 2.33335E-35 2.65069E-35 2.94563E-35 3.21719E-35 3.49049E-35 % Be8
0.00000E+00 7.53582E-06 1.48139E-05 2.18179E-05 2.85688E-05 3.50745E-05 4.13416E-05 4.73623E-05 5.31613E-05 5.87428E-05 6.41175E-05 % Be10
0.00000E+00 9.19605E-23 1.64422E-22 2.14283E-22 3.27575E-22 3.56890E-22 4.66331E-22 5.73573E-22 5.93356E-22 7.32019E-22 9.29512E-22 % Be11
0.00000E+00 3.62730E-23 7.42705E-23 1.12722E-22 1.53727E-22 1.96815E-22 2.41475E-22 2.87525E-22 3.39298E-22 3.87228E-22 4.40831E-22 % B12
0.00000E+00 2.90089E-21 2.36831E-20 8.13725E-20 1.96322E-19 3.90854E-19 6.89084E-19 1.11683E-18 1.70337E-18 2.47950E-18 3.47925E-18 % C13
0.00000E+00 0.00000E+00 0.00000E+00 0.00000E+00 0.00000E+00 0.00000E+00 0.00000E+00 0.00000E+00 0.00000E+00 0.00000E+00 0.00000E+00 % lost data
2.52000E+00 2.52418E+00 2.52837E+00 2.53255E+00 2.53674E+00 2.54092E+00 2.54510E+00 2.54928E+00 2.55346E+00 2.55764E+00 2.56182E+00 % total
];

